150
99
196
238
294
9
290
167
118
69
176
42
298
15
100
178
246
120
12
1
70
67
138
235
287
100
105
143
231
287
7
122
214
44
24
80
34
268
170
76
154
258
145
249
138
273
298
105
105
44
60
245
143
238
144
239
285
168
274
94
228
241
245
52
129
57
286
243
23
195
114
234
199
119
2
270
85
159
283
136
223
282
229
288
4
76
247
49
109
96
74
20
97
130
298
121
262
31
141
17
156
140
156
103
286
215
214
71
66
115
129
239
46
139
179
25
177
249
240
12
15
290
250
32
201
288
156
160
101
157
95
33
250
261
153
203
210
115
216
277
70
300
133
166
286
135
226
53
141
262
235
